78
0 32 48
0 96 48
0 160 48
0 224 80
0 288 80
0 352 48
0 416 48
0 480 80
0 544 80
0 608 48
0 672 48
0 736 80
0 800 80
0 864 48
0 928 48
0 992 80
0 1056 80
0 1120 48
0 1184 48
0 1248 80
0 1312 80
0 1376 48
0 1440 48
0 1504 80
0 1568 80
0 1632 48
0 1696 48
0 1760 64
0 1824 64
0 1888 64
1 96 1024
1 96 992
1 96 960
1 160 960
1 96 928
1 160 928
1 224 928
1 224 960
1 224 992
1 224 1024
1 160 1024
1 160 992
2 288 896
2 352 864
2 288 960
2 352 960
2 288 1024
2 352 1024
2 224 1056
2 288 1072
2 192 880
2 256 832
2 384 736
2 160 816
2 224 736
2 288 768
2 416 800
2 288 656
2 480 640
1 1536 112
1 1536 144
1 1504 176
1 1472 208
1 1440 240
1 1408 272
1 1376 304
2 1376 320
2 1408 336
2 1472 320
2 1312 304
2 1280 272
2 1280 256
2 992 688
2 1088 688
2 960 624
2 992 608
2 1088 592
2 1152 624
