65
0 32 144
0 96 144
0 160 144
0 224 144
0 288 144
0 352 144
0 416 144
0 480 144
0 544 144
0 608 144
0 672 144
0 736 144
0 800 144
0 864 144
0 928 144
0 992 144
0 1056 144
0 1120 144
0 1184 144
0 1248 144
0 1312 144
0 1376 144
0 1440 144
0 1504 144
0 1568 144
0 1632 144
0 1696 144
0 1760 144
0 1824 144
0 1888 144
0 928 176
0 928 208
0 992 176
0 864 176
0 928 240
0 864 208
0 992 208
0 1056 176
0 800 176
1 736 176
1 800 208
1 864 240
1 928 272
1 992 240
1 1056 208
1 1120 176
2 1184 176
2 1120 208
2 1056 240
2 992 272
2 928 304
2 864 272
2 800 240
2 736 208
2 672 176
0 32 1072
0 32 1040
0 32 1008
0 32 992
0 32 960
0 32 944
0 32 928
0 32 912
0 32 880
0 32 864
