61
0 864 912
0 928 912
0 992 912
0 1056 880
0 1120 816
0 1120 784
0 1120 752
0 800 880
0 1120 720
0 992 944
0 928 944
0 864 944
0 1056 912
0 1120 880
0 800 912
0 736 880
0 736 848
0 736 816
0 736 784
0 736 752
0 736 720
0 1120 848
0 1056 720
0 1056 688
0 800 720
0 800 688
0 864 688
0 928 688
0 992 688
0 992 656
0 928 656
0 864 656
0 864 832
0 992 832
0 928 800
0 832 768
0 896 752
0 960 752
0 1024 768
0 928 624
0 928 576
0 928 592
0 928 544
0 928 512
0 928 464
0 928 480
0 928 432
0 928 384
0 928 416
0 864 352
0 800 320
0 736 288
0 992 352
0 1056 320
0 1120 288
0 992 576
0 1056 592
0 1120 608
0 864 576
0 800 592
0 736 608
